101

7
0.968325 0.350000 0.353538 0.450000 0.986179 0.200000 0.075799

10
0.402664 0.303733 0.219415 0.215566 0.530000 0.010000 0.872081 0.000000 0.509286 0.200000

10
0.628150 0.500000 0.364264 0.707391 0.635248 0.950000 0.361876 0.180000 0.488156 0.476408

7
0.500000 0.332027 0.436653 0.299992 0.175400 0.310000 0.860000

3
0.379193 0.104419 0.557113

5
0.840000 0.198548 0.502478 0.071176 0.695776

2
0.250000 0.750000

9
0.630000 0.270000 0.267861 0.136366 0.450000 0.550000 0.749525 0.158572 0.986496

7
0.200000 0.200000 0.200000 0.200000 0.200000 0.800000 0.800000

1
0.376572

9
0.333333 0.333333 0.333333 0.333333 0.333333 0.333333 0.333333 0.333333 0.333333

6
0.200000 0.200000 0.200000 0.200000 0.200000 0.200000

8
0.666666 0.000000 0.178928 0.090000 0.240000 0.692476 0.400052 0.333333

9
0.663344 0.770000 0.666667 0.750000 0.550692 0.320000 0.740579 0.761080 0.333333

3
0.011030 0.505714 0.260232

9
0.062034 0.700000 0.300000 0.960000 0.956813 0.286642 0.500001 0.719832 0.425110

6
0.801038 0.360838 0.500000 0.016470 0.673265 0.990000

3
0.750235 0.177893 0.108998

8
0.939880 0.380171 0.060000 0.923342 0.930000 0.106361 0.630000 0.448286

7
0.631276 0.500005 0.952076 0.500000 0.500000 0.500000 0.112127

8
0.140000 0.653809 0.666667 0.333333 0.187472 0.860284 0.500010 0.598961

5
0.060000 0.980000 0.809997 0.595511 0.330076

8
1.000000 0.999999 0.000001 0.500500 0.050000 0.474247 0.000005 0.000500

5
0.928053 0.710718 0.229801 0.864871 0.827352

9
0.801616 0.755372 0.539565 0.218219 0.014728 0.840057 0.524815 0.369652 0.787798

8
0.422603 0.003777 0.690000 0.500000 0.130000 0.791406 0.528536 0.520464

3
0.540000 0.452936 0.983272

7
0.150602 0.610305 0.606414 0.647451 0.493384 0.010000 0.489210

6
0.814195 0.297849 0.717389 0.915883 0.300000 0.997995

10
0.164083 0.185683 0.008458 0.746556 0.170000 0.080000 0.030000 0.968144 0.387666 0.248360

8
0.228707 0.474091 0.010649 0.225994 0.630990 0.076895 0.305964 0.750821

6
0.758931 0.707279 0.174047 0.759275 0.492447 0.229303

10
0.160000 0.199139 0.060575 0.030000 0.873883 0.175017 0.810000 0.966869 0.348682 0.564767

7
0.628504 0.918511 0.821681 0.110000 0.646510 0.450000 0.858643

10
0.015868 0.049428 0.620000 0.110000 0.560000 0.082984 0.340809 0.992699 0.820976 0.877079

1
0.550000

7
0.623110 0.070000 0.072620 0.586600 0.970000 0.124319 0.766338

10
0.990000 0.467875 0.356872 0.510000 0.001653 0.500000 0.590000 0.004425 0.097465 0.057348

2
0.731904 0.611477

5
0.179464 0.500000 0.500000 0.500000 0.290000

6
0.212605 0.710146 0.570000 0.737880 0.499990 0.329036

10
0.070000 0.572618 0.383605 0.020000 0.096564 0.587596 0.990000 0.910000 0.280000 0.648915

9
0.684068 0.500000 0.387925 0.453715 0.147520 0.914267 0.790000 0.210000 0.217237

1
0.500001

7
0.636719 0.214150 0.595100 0.480562 0.976276 0.654658 0.898466

7
0.497715 0.355699 0.090000 0.060000 0.799508 0.517977 0.411248

7
0.908777 0.880000 0.350000 0.358918 0.036799 0.576916 0.500000

8
0.350000 0.380000 0.270989 0.543823 0.614872 0.548796 0.206173 0.990000

10
0.620000 0.517965 0.270000 0.808704 0.184250 0.483350 0.020896 0.400000 0.480000 0.115865

9
0.324804 0.195009 0.437170 0.228770 0.373947 0.990807 0.293551 0.398388 0.079214

9
0.398744 0.892173 0.466320 0.639823 0.820000 0.470000 0.643979 0.250000 0.372922

6
0.763387 0.550000 0.790000 0.450000 0.820762 0.908946

4
0.158048 0.854427 0.353157 0.807386

6
0.500000 0.938916 0.650000 0.281333 0.416514 0.259653

1
0.170000

10
0.863156 0.028419 0.592164 0.917168 0.694096 0.020000 0.868307 0.030000 0.037547 0.655790

10
0.435342 0.452107 0.374444 0.825193 0.883983 0.024712 0.746966 0.368857 0.787723 0.610000

7
0.522076 0.022241 0.561699 0.438301 0.274872 0.923486 0.940000

10
0.747423 0.280000 0.004018 0.995982 0.014772 0.105908 0.081275 0.090000 0.850000 0.515375

10
0.890000 0.220690 0.970000 0.585364 0.955746 0.820000 0.772586 0.250000 0.391121 0.573233

5
0.730000 0.184810 0.765250 0.850000 0.830000

10
0.394173 0.924948 0.716917 0.904472 0.948134 0.420000 0.506985 0.700153 0.887674 0.680000

7
0.362250 0.305939 0.545225 0.017691 0.010000 0.393385 0.260000

3
0.886859 0.930000 0.120791

8
0.450000 0.449478 0.980000 0.892439 0.806728 0.252618 0.355383 0.800000

5
0.350000 0.333964 0.910000 0.183230 0.649999

5
0.350001 0.244140 0.090254 0.459038 0.649999

5
0.817382 0.940000 0.630000 0.191401 0.469222

9
0.350000 0.169011 0.368713 0.443621 0.681281 0.578340 0.089702 0.403189 0.038458

8
0.770000 0.580339 0.286666 0.715473 0.310000 0.613194 0.327920 0.070000

8
0.499999 0.500001 0.500001 0.500001 0.500001 0.499999 0.499999 0.499999

10
0.374967 0.965460 0.330000 0.179019 0.152327 0.810976 0.081720 0.399241 0.710000 0.491242

5
0.435121 0.353791 0.633583 0.081378 0.438401

2
0.175606 0.413556

8
0.806873 0.872038 0.070000 0.879946 0.807762 0.770000 0.787944 0.920000

10
0.934848 0.563988 0.630651 0.199208 0.040064 0.224635 0.093987 0.284230 0.650521 0.905200

9
0.056121 0.077310 0.713021 0.686995 0.640000 0.142260 0.688453 0.873145 0.277928

7
0.278826 0.373103 0.930155 0.980000 0.980000 0.270000 0.586454

7
0.470000 0.031745 0.120000 0.250000 0.250000 0.250000 0.249077

6
0.891587 0.756431 0.891929 0.770000 0.903728 0.392251

1
0.114842

7
0.136904 0.902205 0.704986 0.216456 0.905826 0.636325 0.472797

8
0.000000 0.330000 0.556105 0.280000 0.101250 0.410711 0.030641 0.915213

10
0.780000 0.935195 0.020000 0.346580 0.158899 0.500001 0.410896 0.880642 0.087131 0.148375

6
0.037558 0.951418 0.063198 0.420000 0.130000 0.061038

9
0.776831 0.430000 0.752336 0.110650 0.330000 0.998650 0.443264 0.220000 0.668696

7
0.964459 0.404120 0.928894 0.913900 0.048666 0.255777 0.767124

9
0.646483 0.292381 0.014213 0.710000 0.360000 0.258931 0.362523 0.106331 0.455983

6
0.700262 0.650000 0.287983 0.902583 0.217062 0.867960

10
0.119506 0.049894 0.497437 0.000000 0.042527 0.298613 0.081984 0.318259 0.550000 0.039871

8
0.661996 0.920000 0.868204 0.746782 0.714197 0.106712 0.289947 0.440000

8
0.769950 0.629030 0.991967 0.750000 0.933436 0.361895 0.499999 0.575888

1
0.500000

3
0.500000 0.097337 0.241706

9
0.034731 0.910000 0.810000 0.630000 0.781508 0.123383 0.479554 0.806103 0.883463

5
0.820931 0.755895 0.111319 0.451670 0.240844

5
0.310000 0.488555 0.023916 0.346638 0.794207

4
0.117909 0.361635 0.969516 0.710000

6
0.690000 0.230000 0.741654 0.600000 0.740000 0.991380

6
0.836607 0.020636 0.794774 0.505746 0.617846 0.441760

7
0.867447 0.670000 0.708329 0.818316 0.635060 0.151193 0.797520
