4 
1 97 
01111001110010001000100111011101110111001000100010011100100010001000100010001000 
10001001110010001000100010011100100010001001110010001000100111001000100010001001 
1100100010001001110111001000101111 
2 169 
01111000100010011100100010001001110010001000100010011100100010001000100010001000 
10001001110010001000100010011100100010001001110010001000100111001000100010001001 
11001000100010011101110010001000100111001000100111001000100010001000100111001000 
10011100100111001000100010011100100010011101110010001000100010011100100010011101 
110111001000101111 
3 60 
01111000100010001001110010011101110010001000100010011100100010001000100010001000 
1000100111001000100010001001110010001111 
4 40 
01111000100010011101110010011100100111001111111111111111111111111111111111111111

2
555 2
0000
666 35
01111001110010001000100111011101110111001000100010011100100010001000100011

3
1 15
100010001000100010001000100010
1 17
1000100010001000100010001000100010
1 19
10001000100010001000100010001000110010
1 23
1000100010001000100010001000100011001000101111

